       2433966.0      66.7233
       2433996.0      64.6484
       2434027.0      61.7710
       2434058.0      58.5172
       2434087.0      55.4710
       2434118.0      58.1267
       2434148.0      56.8194
       2434179.0      58.7100
       2434209.0      59.5065
       2434240.0      61.9323
       2434271.0      57.5867
       2434301.0      55.0323
       2434332.0      52.8733
       2434362.0      55.0065
       2434393.0      52.7290
       2434424.0      48.7071
       2434452.0      46.9677
       2434483.0      50.5733
       2434513.0      48.9710
       2434544.0      48.6100
       2434574.0      47.1258
       2434605.0      48.1290
       2434636.0      47.1900
       2434666.0      45.3452
       2434697.0      45.6067
       2434727.0      44.5097
       2434758.0      43.1290
       2434789.0      43.8857
       2434817.0      44.9258
       2434848.0      44.1633
       2434878.0      44.6871
       2434909.0      45.1133
       2434939.0      45.1323
       2434970.0      45.7290
       2435001.0      45.8800
       2435031.0      46.6903
       2435062.0      46.2367
       2435092.0      47.7419
       2435123.0      51.4548
       2435154.0      51.8571
       2435182.0      49.1710
       2435213.0      52.4400
       2435243.0      55.1000
       2435274.0      58.4567
       2435304.0      59.6290
       2435335.0      61.3097
       2435366.0      64.4000
       2435396.0      72.3936
       2435427.0      81.8533
       2435457.0      85.7322
       2435488.0      89.1000
       2435519.0      98.3827
       2435548.0      102.581
       2435579.0      109.657
       2435609.0      111.290
       2435640.0      107.567
       2435670.0      112.400
       2435701.0      128.200
       2435732.0      128.420
       2435762.0      128.268
       2435793.0      146.367
       2435823.0      143.023
       2435854.0      135.894
       2435885.0      120.186
       2435913.0      127.335
       2435944.0      135.807
       2435974.0      134.245
       2436005.0      151.793
       2436035.0      141.316
       2436066.0      132.584
       2436097.0      146.507
       2436127.0      163.206
       2436158.0      164.220
       2436188.0      169.242
       2436219.0      153.129
       2436250.0      134.304
       2436278.0      141.642
       2436309.0      151.807
       2436339.0      149.810
       2436370.0      146.757
       2436400.0      147.668
       2436431.0      149.439
       2436462.0      147.163
       2436492.0      147.445
       2436523.0      141.260
       2436553.0      142.155
       2436584.0      154.019
       2436615.0      130.839
       2436643.0      130.894
       2436674.0      130.620
       2436704.0      129.432
       2436735.0      134.387
       2436765.0      136.945
       2436796.0      139.665
       2436827.0      130.187
       2436857.0      114.565
       2436888.0      119.763
       2436918.0      118.294
       2436949.0      124.639
       2436980.0      114.917
       2437009.0      102.842
       2437040.0      111.890
       2437070.0      107.255
       2437101.0      111.000
       2437131.0      112.242
       2437162.0      113.594
       2437193.0      106.493
       2437223.0      90.1226
       2437254.0      85.8133
       2437284.0      79.4613
       2437315.0      70.0871
       2437346.0      63.0536
       2437374.0      63.2226
       2437405.0      64.4667
       2437435.0      61.5903
       2437466.0      63.2733
       2437496.0      68.7000
       2437527.0      68.2194
       2437558.0      65.3367
       2437588.0      60.7935
       2437619.0      55.0067
       2437649.0      57.2420
       2437680.0      53.0645
       2437711.0      60.9393
       2437739.0      63.7452
       2437770.0      63.5633
       2437800.0      61.9710
       2437831.0      61.7533
       2437861.0      54.8452
       2437892.0      47.4645
       2437923.0      53.5367
       2437953.0      51.7129
       2437984.0      49.0433
       2438014.0      47.9387
       2438045.0      47.5548
       2438076.0      46.6000
       2438104.0      48.7968
       2438135.0      48.7600
       2438165.0      51.8419
       2438196.0      52.2133
       2438226.0      48.2935
       2438257.0      48.4484
       2438288.0      50.8600
       2438318.0      48.6226
       2438349.0      46.6067
       2438379.0      43.9710
       2438410.0      43.8129
       2438441.0      42.5276
       2438470.0      45.1581
       2438501.0      44.9200
       2438531.0      41.3871
       2438562.0      42.1300
       2438592.0      42.1129
       2438623.0      41.9742
       2438654.0      41.1600
       2438684.0      41.0032
       2438715.0      41.5000
       2438745.0      45.6871
       2438776.0      45.4968
       2438807.0      43.6321
       2438835.0      44.1581
       2438866.0      43.9300
       2438896.0      48.0419
       2438927.0      49.6300
       2438957.0      48.3097
       2438988.0      47.9387
       2439019.0      47.4667
       2439049.0      48.6419
       2439080.0      46.6867
       2439110.0      47.1516
       2439141.0      52.7258
       2439172.0      49.5286
       2439200.0      51.6129
       2439231.0      57.4033
       2439261.0      63.6516
       2439292.0      63.0600
       2439322.0      70.1032
       2439353.0      71.9613
       2439384.0      70.9967
       2439414.0      70.1548
       2439445.0      69.8000
       2439475.0      77.2290
       2439506.0      84.6000
       2439537.0      89.1929
       2439565.0      97.6548
       2439596.0      87.8133
       2439626.0      90.0097
       2439657.0      80.3667
       2439687.0      87.3290
       2439718.0      91.4968
       2439749.0      87.3267
       2439779.0      87.8871
       2439810.0      88.0533
       2439840.0      92.7323
       2439871.0      110.000
       2439902.0      106.348
       2439931.0      93.6032
       2439962.0      85.9733
       2439992.0      97.8161
       2440023.0      99.9900
       2440053.0      91.2387
       2440084.0      90.9678
       2440115.0      95.4467
       2440145.0      95.0387
       2440176.0      94.7234
       2440206.0      94.1097
       2440237.0      95.7065
       2440268.0      93.9286
       2440296.0      102.203
       2440327.0      98.8933
       2440357.0      96.8290
       2440388.0      100.330
       2440418.0      92.1774
       2440449.0      93.6774
       2440480.0      91.4633
       2440510.0      91.5548
       2440541.0      88.4900
       2440571.0      88.1774
       2440602.0      93.3677
       2440633.0      98.9250
       2440661.0      98.6258
       2440692.0      103.953
       2440722.0      106.445
       2440753.0      106.123
       2440783.0      101.610
       2440814.0      93.1064
       2440845.0      93.9367
       2440875.0      91.9226
       2440906.0      97.2334
       2440936.0      94.4419
       2440967.0      90.3710
       2440998.0      83.5393
       2441026.0      73.7548
       2441057.0      76.4433
       2441087.0      72.2322
       2441118.0      68.2100
       2441148.0      72.4710
       2441179.0      71.7935
       2441210.0      64.9333
       2441240.0      62.3387
       2441271.0      67.2400
       2441301.0      71.6936
       2441332.0      67.5613
       2441363.0      77.6448
       2441392.0      77.3581
       2441423.0      73.5167
       2441453.0      80.4903
       2441484.0      86.1167
       2441514.0      82.0774
       2441545.0      81.9258
       2441576.0      76.2033
       2441606.0      77.6064
       2441637.0      65.7167
       2441667.0      60.4452
       2441698.0      62.2935
       2441729.0      59.7393
       2441757.0      58.3710
       2441788.0      62.9900
       2441818.0      61.7677
       2441849.0      59.4800
       2441879.0      56.9161
       2441910.0      55.7000
       2441941.0      63.0067
       2441971.0      55.0677
       2442002.0      49.1000
       2442032.0      48.8613
       2442063.0      48.9258
       2442094.0      48.0964
       2442122.0      49.5613
       2442153.0      51.4933
       2442183.0      59.0806
       2442214.0      56.5800
       2442244.0      56.4387
       2442275.0      52.7581
       2442306.0      54.1500
       2442336.0      56.1871
       2442367.0      54.0600
       2442397.0      48.8097
       2442428.0      46.5871
       2442459.0      44.2607
       2442487.0      44.4355
       2442518.0      44.4933
       2442548.0      44.5193
       2442579.0      43.8567
       2442609.0      47.9064
       2442640.0      52.5161
       2442671.0      51.5233
       2442701.0      48.0000
       2442732.0      49.5600
       2442762.0      46.1032
       2442793.0      45.0387
       2442824.0      42.7828
       2442853.0      45.1032
       2442884.0      47.4300
       2442914.0      45.8193
       2442945.0      44.6467
       2442975.0      43.2742
       2443006.0      46.6387
       2443037.0      46.5300
       2443067.0      47.3226
       2443098.0      45.3533
       2443128.0      47.2161
       2443159.0      46.5807
       2443190.0      51.0536
       2443218.0      49.6161
       2443249.0      50.1767
       2443279.0      52.8516
       2443310.0      57.7900
       2443340.0      54.8097
       2443371.0      55.7290
       2443402.0      60.3667
       2443432.0      62.9000
       2443463.0      61.5633
       2443493.0      64.4807
       2443524.0      67.7452
       2443555.0      85.1393
       2443583.0      88.9355
       2443614.0      92.4233
       2443644.0      93.3290
       2443675.0      94.5300
       2443705.0      90.6129
       2443736.0      79.4226
       2443767.0      96.3100
       2443797.0      100.106
       2443828.0      96.2133
       2443858.0      101.497
       2443889.0      119.858
       2443920.0      127.689
       2443948.0      126.123
       2443979.0      117.463
       2444009.0      115.800
       2444040.0      116.040
       2444070.0      112.858
       2444101.0      116.994
       2444132.0      122.370
       2444162.0      131.794
       2444193.0      142.667
       2444223.0      128.732
       2444254.0      127.768
       2444285.0      120.641
       2444314.0      116.826
       2444345.0      127.930
       2444375.0      137.458
       2444406.0      126.707
       2444436.0      124.448
       2444467.0      118.503
       2444498.0      120.787
       2444528.0      124.358
       2444559.0      126.837
       2444589.0      134.987
       2444620.0      117.677
       2444651.0      122.550
       2444679.0      129.471
       2444710.0      136.423
       2444740.0      126.935
       2444771.0      109.973
       2444801.0      118.965
       2444832.0      130.694
       2444863.0      138.743
       2444893.0      137.042
       2444924.0      128.083
       2444954.0      124.694
       2444985.0      110.852
       2445016.0      119.907
       2445044.0      125.865
       2445075.0      108.723
       2445105.0      99.7290
       2445136.0      105.397
       2445166.0      100.394
       2445197.0      106.045
       2445228.0      109.593
       2445258.0      109.848
       2445289.0      107.367
       2445319.0      119.142
       2445350.0      96.2000
       2445381.0      83.8000
       2445409.0      79.8484
       2445440.0      78.7267
       2445470.0      89.5355
       2445501.0      91.3567
       2445531.0      84.2420
       2445562.0      85.9032
       2445593.0      76.7233
       2445623.0      75.5065
       2445654.0      65.3833
       2445684.0      64.2645
       2445715.0      68.2258
       2445746.0      81.2724
       2445775.0      80.5484
       2445806.0      76.8900
       2445836.0      77.2645
       2445867.0      71.0400
       2445897.0      64.5097
       2445928.0      58.6484
       2445959.0      54.4533
       2445989.0      49.7903
       2446020.0      49.0900
       2446050.0      49.3678
       2446081.0      46.5032
       2446112.0      46.5964
       2446140.0      46.0258
       2446171.0      47.4267
       2446201.0      50.3678
       2446232.0      48.7733
       2446262.0      50.5387
       2446293.0      48.3323
       2446324.0      45.7200
       2446354.0      45.9968
       2446385.0      47.4033
       2446415.0      47.6613
       2446446.0      46.5355
       2446477.0      50.0714
       2446505.0      48.6516
       2446536.0      47.9933
       2446566.0      48.0387
       2446597.0      44.9533
       2446627.0      45.6774
       2446658.0      44.5807
       2446689.0      44.3033
       2446719.0      50.6903
       2446750.0      50.1767
       2446780.0      46.5903
       2446811.0      45.3936
       2446842.0      44.5893
       2446870.0      46.1097
       2446901.0      52.5267
       2446931.0      55.6097
       2446962.0      52.8000
       2446992.0      54.0935
       2447023.0      56.4613
       2447054.0      55.4300
       2447084.0      61.3419
       2447115.0      65.0967
       2447145.0      63.2677
       2447176.0      69.5226
       2447207.0      69.9103
       2447236.0      71.4839
       2447267.0      78.7767
       2447297.0      75.4161
       2447328.0      88.0200
       2447358.0      93.5419
       2447389.0      95.0936
       2447420.0      99.9500
       2447450.0      105.523
       2447481.0      99.6233
       2447511.0      112.968
       2447542.0      127.839
       2447573.0      132.968
       2447601.0      128.923
       2447632.0      123.833
       2447662.0      122.858
       2447693.0      141.607
       2447723.0      126.352
       2447754.0      137.103
       2447785.0      136.870
       2447815.0      138.294
       2447846.0      142.040
       2447876.0      141.600
       2447907.0      132.110
       2447938.0      117.475
       2447966.0      122.706
       2447997.0      121.990
       2448027.0      128.013
       2448058.0      116.783
       2448088.0      122.981
       2448119.0      131.113
       2448150.0      124.573
       2448180.0      119.106
       2448211.0      116.123
       2448241.0      125.874
       2448272.0      135.600
       2448303.0      145.193
       2448331.0      152.810
       2448362.0      138.197
       2448392.0      133.716
       2448423.0      136.040
       2448453.0      136.506
       2448484.0      138.216
       2448515.0      127.363
       2448545.0      126.377
       2448576.0      117.910
       2448606.0      126.906
       2448637.0      133.655
       2448668.0      144.607
       2448697.0      122.229
       2448728.0      112.283
       2448758.0      93.1258
       2448789.0      86.0767
       2448819.0      91.2194
       2448850.0      86.7355
       2448881.0      80.8767
       2448911.0      87.5774
       2448942.0      93.5400
       2448972.0      94.2710
       2449003.0      89.7774
       2449034.0      94.2214
       2449062.0      93.2613
       2449093.0      85.5867
       2449123.0      83.3323
       2449154.0      81.0500
       2449184.0      77.2258
       2449215.0      73.9290
       2449246.0      66.8633
       2449276.0      70.7613
       2449307.0      67.6500
       2449337.0      72.0710
       2449368.0      75.5226
       2449399.0      72.2036
       2449427.0      65.6548
       2449458.0      57.8033
       2449488.0      54.9516
       2449519.0      54.4500
       2449549.0      55.6129
       2449580.0      52.5000
       2449611.0      54.1200
       2449641.0      57.9258
       2449672.0      54.5000
       2449702.0      56.2903
       2449733.0      53.1677
       2449764.0      55.2679
       2449792.0      53.8419
       2449823.0      50.1033
       2449853.0      49.8645
       2449884.0      54.0367
       2449914.0      51.4129
       2449945.0      49.2064
       2449976.0      48.0967
       2450006.0      50.3065
       2450037.0      48.2133
       2450067.0      46.9613
       2450098.0      47.2032
       2450129.0      44.3931
       2450158.0      43.9323
       2450189.0      43.7600
       2450219.0      46.5290
       2450250.0      48.2933
       2450280.0      46.6807
       2450311.0      47.5839
       2450342.0      46.5600
       2450372.0      45.8129
       2450403.0      49.0533
       2450433.0      52.1806
       2450464.0      47.7000
       2450495.0      46.3179
       2450523.0      47.2258
       2450554.0      48.8267
       2450584.0      50.3613
       2450615.0      51.3133
       2450645.0      48.0774
       2450676.0      52.6774
       2450707.0      69.1800
       2450737.0      58.0871
       2450768.0      64.5400
       2450798.0      65.7742
       2450829.0      62.7129
       2450860.0      59.8393
       2450888.0      67.4419
       2450919.0      74.5033
       2450949.0      73.4677
       2450980.0      82.0033
       2451010.0      84.1484
       2451041.0      92.4871
       2451072.0      94.4267
       2451102.0      86.9968
       2451133.0      92.7600
       2451163.0      100.084
       2451194.0      94.1806
       2451225.0      88.7107
       2451253.0      85.0161
       2451284.0      79.0333
       2451314.0      94.6193
       2451345.0      116.483
       2451375.0      110.297
       2451406.0      107.442
       2451437.0      94.6700
       2451467.0      101.177
       2451498.0      117.390
       2451528.0      112.981
       2451559.0      105.961
       2451590.0      111.590
       2451619.0      122.652
       2451650.0      121.523
       2451680.0      115.029
       2451711.0      130.840
       2451741.0      134.390
       2451772.0      121.616
       2451803.0      120.943
       2451833.0      121.594
       2451864.0      127.083
       2451894.0      119.768
       2451925.0      111.090
       2451956.0      99.6929
       2451984.0      105.123
       2452015.0      110.643
       2452045.0      103.923
       2452076.0      122.227
       2452106.0      92.9774
       2452137.0      102.029
       2452168.0      132.367
       2452198.0      137.297
       2452229.0      137.170
       2452259.0      144.755
       2452290.0      146.506
       2452321.0      137.711
       2452349.0      126.855
       2452380.0      129.317
       2452410.0      122.606
       2452441.0      127.633
       2452471.0      110.277
       2452502.0      118.397
       2452533.0      117.477
       2452563.0      110.329
       2452594.0      111.747
       2452624.0      113.855
       2452655.0      98.4645
       2452686.0      86.1071
       2452714.0      84.0290
       2452745.0      85.0267
       2452775.0      81.0806
       2452806.0      95.9333
       2452836.0      87.6806
       2452867.0      81.8903
       2452898.0      79.4933
       2452928.0      90.8903
       2452959.0      89.8200
       2452989.0      84.7290
       2453020.0      75.7968
       2453051.0      69.9896
       2453080.0      73.6387
       2453111.0      70.3233
       2453141.0      66.3839
       2453172.0      71.9400
       2453202.0      73.6387
       2453233.0      72.0419
       2453264.0      70.3867
       2453294.0      69.7129
       2453325.0      74.4433
       2453355.0      67.6742
       2453386.0      65.0548
       2453417.0      61.8429
       2453445.0      57.2548
       2453476.0      56.3933
       2453506.0      63.3936
       2453537.0      66.3867
       2453567.0      64.4839
       2453598.0      61.9194
       2453629.0      59.1833
       2453659.0      52.9968
       2453690.0      54.5367
       2453720.0      60.2323
       2453751.0      55.4452
       2453782.0      49.9036
       2453810.0      47.8355
       2453841.0      55.6833
       2453871.0      56.1968
       2453902.0      55.6633
       2453932.0      52.9774
       2453963.0      53.4419
       2453994.0      52.2633
       2454024.0      49.5419
       2454055.0      53.2700
       2454085.0      53.3548
       2454116.0      52.2936
       2454147.0      49.2429
       2454175.0      47.7290
       2454206.0      46.8467
       2454236.0      47.5548
       2454267.0      51.7567
       2454297.0      48.6355
       2454328.0      46.5387
       2454359.0      44.6433
       2454389.0      44.1226
       2454420.0      43.1333
       2454450.0      47.3419
       2454481.0      46.7097
       2454512.0      43.7896
       2454541.0      44.7839
       2454572.0      44.9033
       2454602.0      44.3580
       2454633.0      45.0200
       2454663.0      44.5807
       2454694.0      44.1194
       2454725.0      44.5733
       2454755.0      45.7194
       2454786.0      46.0500
       2454816.0      47.9065
       2454847.0      45.5839
       2454878.0      44.7857
       2454906.0      44.8129
       2454937.0      45.4067
       2454967.0      46.7677
       2454998.0      48.9067
       2455028.0      46.5032
       2455059.0      45.2806
       2455090.0      46.6200
       2455120.0      47.6677
       2455151.0      49.1267
       2455181.0      51.5226
       2455212.0      53.1387
       2455243.0      55.6821
       2455271.0      55.1613
       2455302.0      52.2633
       2455332.0      51.1839
       2455363.0      53.6567
       2455393.0      56.3161
       2455424.0      57.3290
       2455455.0      59.4833
       2455485.0      56.6710
       2455516.0      57.8633
       2455546.0      58.8000
       2455577.0      56.0645
       2455608.0      60.6072
       2455636.0      71.1968
       2455667.0      77.1367
       2455697.0      69.7355
       2455728.0      76.7200
       2455758.0      68.0968
       2455789.0      70.0226
       2455820.0      85.7467
       2455850.0      93.9581
       2455881.0      104.900
       2455911.0      97.2355
       2455942.0      87.6581
       2455973.0      74.1931
       2456002.0      76.0290
       2456033.0      76.6700
       2456063.0      81.5839
       2456094.0      92.3067
       2456124.0      88.2452
       2456155.0      84.3516
       2456186.0      90.0267
       2456216.0      86.8290
       2456247.0      84.8267
       2456277.0      78.5968
       2456308.0      87.6710
       2456339.0      75.2000
       2456367.0      78.8097
       2456398.0      84.0433
       2456428.0      93.7839
       2456459.0      94.7033
       2456489.0      86.6387
       2456520.0      86.5613
       2456551.0      79.3233
       2456581.0      88.6097
       2456612.0      99.6033
       2456642.0      103.523
       2456673.0      104.590
       2456704.0      102.518
       2456732.0      104.655
       2456763.0      99.9700
       2456793.0      91.6258
       2456824.0      97.2667
       2456854.0      99.8097
       2456885.0      91.7613
       2456916.0      99.4733
       2456946.0      106.232
       2456977.0      107.747
       2457007.0      112.100
       2457038.0      105.084
       2457069.0      99.3179
       2457097.0      92.2258
       2457128.0      91.2766
       2457158.0      85.2613
       2457189.0      100.103
       2457219.0      85.2839
       2457250.0      75.4968
       2457281.0      72.7033
       2457311.0      76.0548
       2457342.0      78.1633
       2457372.0      80.3710
       2457403.0      73.7484
       2457434.0      71.8172
       2457463.0      64.4581
       2457494.0      61.6600
       2457524.0      62.5097
       2457555.0      64.0833
       2457585.0      59.7710
       2457616.0      57.5129
       2457647.0      59.4800
       2457677.0      56.6839
       2457708.0      51.8067
       2457738.0      49.3677
       2457769.0      49.9387
       2457800.0      48.9179
       2457828.0      47.3258
       2457859.0      51.6633
       2457889.0      48.5871
       2457920.0      52.6400
       2457950.0      50.5807
       2457981.0      47.9161
       2458012.0      55.7767
       2458042.0      51.3548
       2458073.0      47.5967
       2458103.0      46.6226
       2458134.0      44.3484
       2458165.0      44.8536
       2458193.0      42.7355
       2458224.0      44.0967
       2458254.0      44.9000
       2458285.0      49.5100
       2458315.0      46.6323
       2458346.0      44.8871
       2458377.0      44.2033
       2458407.0      44.5387
       2458438.0      43.4967
       2458468.0      44.5645
       2458499.0      45.1839
       2458530.0      44.8250
       2458558.0      43.4161
       2458589.0      44.8733
       2458619.0      44.6129
       2458650.0      44.7167
       2458680.0      43.1355
       2458711.0      42.2710
       2458742.0      43.0167
       2458772.0      43.1226
       2458803.0      43.9667
       2458833.0      47.7903
       2458864.0      48.4903
       2458895.0      48.7034
       2458924.0      49.0968
       2458955.0      48.9767
       2458985.0      48.7936
       2459016.0      48.8700
       2459046.0      45.5516
       2459077.0      46.8064
       2459108.0      45.5433
       2459138.0      49.5645
       2459169.0      56.1533
       2459199.0      56.4226
       2459230.0      48.7032
       2459261.0      46.8750
       2459289.0      48.2710
       2459320.0      48.3700
       2459350.0      50.6355
       2459381.0      61.0667
       2459411.0      62.6774
       2459442.0      58.1774
       2459473.0      64.2100
       2459503.0      66.2710
       2459534.0      60.2067
       2459564.0      64.4935
       2459595.0      67.0871
       2459626.0      70.8214
       2459654.0      74.4871
       2459685.0      84.2633
       2459715.0      83.1000
