     2434393          40         220
     2434424          60         210
     2434452          75         190
     2434483          90         140
     2434513         110         110
     2434544         164          80
     2434574         155          70
     2434605         130          50
     2434636         122          28
     2434666         112          10
     2434697         158         -15
     2434727         190         -60
     2434758          80        -110
     2434789          30        -160
     2434817          60        -200
     2434848         -30        -220
     2434878        -100        -235
     2434909        -150        -230
     2434939        -205        -245
     2434970        -195        -250
     2435001        -220        -185
     2435031        -235        -100
     2435062        -210          60
     2435092        -195          75
     2435123        -105         105
     2435154         -25         108
     2435182           5         105
     2435213         100         145
     2435243         105         190
     2435274         145         185
     2435304          90         190
     2435335         105         211
     2435366         100         180
     2435396          95         163
     2435427         105          66
     2435457          90          59
     2435488          80         -22
     2435519          68         -62
     2435548          95        -112
     2435579          85        -224
     2435609          -8        -222
     2435640         -75        -252
     2435670        -145        -249
     2435701        -165        -266
     2435732        -155        -282
     2435762        -180        -276
     2435793        -200        -246
     2435823        -205         -84
     2435854        -215         -21
     2435885        -220         -13
     2435913        -205          92
     2435944        -148         120
     2435974         -77         137
     2436005          78         141
     2436035         109         147
     2436066         125         160
     2436097         114         180
     2436127         113         144
     2436158         118         117
     2436188         120         110
     2436219          91          60
     2436250          74          49
     2436278          85          37
     2436309         106         -63
     2436339         123        -197
     2436370          91        -204
     2436400          36        -233
     2436431           5        -257
     2436462         -25        -277
     2436492         -66        -304
     2436523        -112        -337
     2436553        -173        -330
     2436584        -106        -267
     2436615        -136        -258
     2436643        -142        -255
     2436674        -189        -217
     2436704        -219         -60
     2436735        -172         135
     2436765         -25         207
     2436796          61         193
     2436827          86         190
     2436857         101         127
     2436888         112          83
     2436918          78          40
     2436949          50          -2
     2436980          67         -18
     2437009          70         -46
     2437040          60        -124
     2437070          69        -182
     2437101          -8        -252
     2437131         -75        -260
     2437162        -108        -256
     2437193        -133        -255
     2437223        -152        -249
     2437254        -188        -208
     2437284        -203        -155
     2437315        -210         -13
     2437346        -224          29
     2437374        -220          38
     2437405        -118         114
     2437435          43         142
     2437466         127         181
     2437496         117         140
     2437527          67         126
     2437558          39          89
     2437588          83          98
     2437619         124         125
     2437649          99          69
     2437680         114          55
     2437711         121          69
     2437739         124          49
     2437770         129         -27
     2437800         168        -161
     2437831         142        -228
     2437861          74        -252
     2437892          71        -275
     2437923          41        -280
     2437953          10        -311
     2437984         -18        -302
     2438014         -36        -292
     2438045         -80        -282
     2438076         -78        -333
     2438104        -118        -346
     2438135        -178        -328
     2438165        -206        -317
     2438196        -225        -215
     2438226        -228         -15
     2438257        -200          36
     2438288         -59          85
     2438318          46          65
     2438349          76          70
     2438379          99          70
     2438410          37          35
     2438441          44          20
     2438470          78          54
     2438501          68          64
     2438531         120          68
     2438562         133          61
     2438592         184          27
     2438623         178          37
     2438654         165          20
     2438684         160          32
     2438715         170          15
     2438745          98          19
     2438776         117           7
     2438807         121         -12
     2438835         127         -37
     2438866         128        -157
     2438896         132        -242
     2438927          47        -268
     2438957         -33        -287
     2438988         -81        -291
     2439019        -143        -321
     2439049        -163        -319
     2439080        -220        -344
     2439110        -228        -329
     2439141        -223        -302
     2439172        -222        -207
     2439200        -225         -70
     2439231        -188          57
     2439261        -144         136
     2439292          13         160
     2439322          70         148
     2439353          46         153
     2439384          68         182
     2439414          92         160
     2439445          82         144
     2439475         113         148
     2439506         101         148
     2439537         102         145
     2439565          98         105
     2439596         132         101
     2439626         181          53
     2439657         167         -60
     2439687         175        -165
     2439718         161        -150
     2439749         132        -166
     2439779          91        -159
     2439810         111        -197
     2439840         107        -249
     2439871         120        -196
     2439902          94        -208
     2439931          82        -253
     2439962          70        -258
     2439992          -3        -232
     2440023         -91        -265
     2440053         -98        -314
     2440084        -152        -308
     2440115        -134        -319
     2440145        -129        -313
     2440176        -144        -207
     2440206        -179        -138
     2440237        -167           4
     2440268        -143          61
     2440296        -162         104
     2440327         -85         151
     2440357          70         151
     2440388          86         140
     2440418         139         151
     2440449         157         138
     2440480         137         104
     2440510         122          88
     2440541         120           3
     2440571         147         -54
     2440602         119         -96
     2440633         100        -147
     2440661          93        -166
     2440692         121        -229
     2440722          77        -258
     2440753         -36        -294
     2440783        -115        -290
     2440814        -151        -306
     2440845        -184        -327
     2440875        -194        -329
     2440906        -204        -312
     2440936        -216        -189
     2440967        -183         -32
     2440998        -178          45
     2441026        -190         102
     2441057        -123         118
     2441087          34         132
     2441118          77         135
     2441148         124         200
     2441179         119         160
     2441210          99         122
     2441240         124         134
     2441271         133         125
     2441301         139         112
     2441332         134          95
     2441363         116          74
     2441392         142          83
     2441423         145          40
     2441453         118        -187
     2441484          20        -231
     2441514         -87        -246
     2441545        -165        -250
     2441576        -196        -273
     2441606        -238        -269
     2441637        -235        -284
     2441667        -215        -172
     2441698        -212          58
     2441729        -174         117
     2441757         -29         106
     2441788          46         104
     2441818         105         138
     2441849         122         132
     2441879         134         103
     2441910         130          98
     2441941         124          85
     2441971         102          85
     2442002         104          45
     2442032          90          10
     2442063         102         -14
     2442094          88         -29
     2442122         108         -31
     2442153         120        -129
     2442183          74        -225
     2442214           0        -267
     2442244         -51        -282
     2442275         -97        -304
     2442306        -111        -298
     2442336        -125        -288
     2442367        -125        -292
     2442397        -132        -300
     2442428        -134        -305
     2442459        -125        -240
     2442487        -136         -85
     2442518        -135          50
     2442548        -183          93
     2442579         -46         171
     2442609          21         170
     2442640          87         153
     2442671         108         152
     2442701         105         145
     2442732         114         150
     2442762         110         157
     2442793          99         129
     2442824         105         124
     2442853         104         123
     2442884         119          99
     2442914         124          30
     2442945         104        -146
     2442975         113        -220
     2443006         105        -248
     2443037          86        -205
     2443067          65        -257
     2443098          51        -230
     2443128          18        -257
     2443159         -19        -270
     2443190         -35        -268
     2443218         -45        -275
     2443249         -70        -285
     2443279        -145        -280
     2443310        -211        -266
     2443340        -205        -140
     2443371        -220         -91
     2443402        -230          44
     2443432        -244          88
     2443463        -174         120
     2443493         -20         170
     2443524          38         185
     2443555          79         149
     2443583          84         128
     2443614          85         114
     2443644         109         115
     2443675         100         100
     2443705         105          85
     2443736         104          75
     2443767          90          93
     2443797         110          55
     2443828         119          48
     2443858         138          20
     2443889         116          37
     2443920         112          65
     2443948          99         -75
     2443979         100        -147
     2444009          82        -236
     2444040         -18        -256
     2444070        -118        -264
     2444101        -176        -284
     2444132        -193        -274
     2444162        -188        -280
     2444193        -218        -271
     2444223        -242        -155
     2444254        -232          27
     2444285        -218          34
     2444314        -190          94
     2444345        -206         117
     2444375        -104         124
     2444406          87         153
     2444436         110         159
     2444467         117         151
     2444498         104         131
     2444528         115         125
     2444559         119         107
     2444589         130         111
     2444620         111         101
     2444651         100          91
     2444679         102          79
     2444710         125          60
     2444740         134        -136
     2444771         104        -241
     2444801          92        -269
     2444832          70        -278
     2444863          53        -281
     2444893          65        -295
     2444924         -11        -289
     2444954         -55        -302
     2444985         -40        -302
     2445016         -48        -310
     2445044         -79        -316
     2445075        -144        -310
     2445105        -192        -291
     2445136        -205        -283
     2445166        -240        -145
     2445197        -210          72
     2445228        -136         119
     2445258           2         137
     2445289          75         117
     2445319         131         164
     2445350         132         157
     2445381         136         151
     2445409         148         134
     2445440         137         128
     2445470         124         108
     2445501         118         -60
     2445531         121        -152
     2445562         109        -177
     2445593         102        -199
     2445623         102        -203
     2445654          64        -252
     2445684          52        -255
     2445715          29        -275
     2445746          48        -283
     2445775          64        -283
     2445806          46        -288
     2445836         -75        -321
     2445867        -192        -346
     2445897        -238        -354
     2445928        -258        -340
     2445959        -262        -335
     2445989        -242        -281
     2446020        -253         -22
     2446050        -239          65
     2446081        -209         110
     2446112        -142          87
     2446140          -4         141
     2446171          70         137
     2446201         110         139
     2446232          80         115
     2446262          94         100
     2446293          87          85
     2446324         114          93
     2446354         114         100
     2446385         113         102
     2446415         103         119
     2446446         115         152
     2446477         124         148
     2446505         119         142
     2446536         130         106
     2446566         127         -42
     2446597          94        -194
     2446627          92        -232
     2446658          90        -229
     2446689          88        -234
     2446719          91        -241
     2446750          70        -254
     2446780          48        -267
     2446811          39        -260
     2446842          32        -266
     2446870          19        -271
     2446901         -74        -270
     2446931        -192        -268
     2446962        -231        -247
     2446992        -267         -63
     2447023        -224          92
     2447054         -62         138
     2447084          68         117
     2447115          83          77
     2447145          66          57
     2447176          91          54
     2447207          77          46
     2447236          74          78
     2447267          68          70
     2447297          92          50
     2447328          98         -23
     2447358         105        -102
     2447389         103         -63
     2447420         104         -50
     2447450         100         -81
     2447481         106        -101
     2447511         120         -99
     2447542         117         -84
     2447573         102         -40
     2447601         117         -38
     2447632         100        -150
     2447662          92        -250
     2447693          -3        -281
     2447723         -36        -306
     2447754         -58        -300
     2447785        -119        -310
     2447815        -152        -307
     2447846        -166        -306
     2447876        -184        -282
     2447907        -214         -42
     2447938        -210         -32
     2447966        -221         109
     2447997        -142         124
     2448027          22         124
     2448058         118         152
     2448088          86         131
     2448119          78         135
     2448150          95         130
     2448180          70         109
     2448211         104         110
     2448241          79         134
     2448272          60         114
     2448303         106         127
     2448331          50         105
     2448362          70          92
     2448392          90         -67
     2448423          35        -209
     2448453         -21        -250
     2448484         -30        -231
     2448515         -16        -215
     2448545          -8        -222
     2448576         -12        -242
     2448606         -20        -253
     2448637         -21        -253
     2448668         -10        -254
     2448697          -9        -260
     2448728         -48        -262
     2448758        -159        -275
     2448789        -214        -268
     2448819        -243         -79
     2448850        -259           8
     2448881        -253          75
     2448911        -239         112
     2448942         -90         141
     2448972          44         176
     2449003          74         155
     2449034          86         164
     2449062          78         170
     2449093          91         112
     2449123         118         108
     2449154         100          48
     2449184          86         -10
     2449215          83          -8
     2449246         103         -44
     2449276          89        -111
     2449307         103        -205
     2449337          83        -240
     2449368          84        -251
     2449399          66        -265
     2449427          74        -291
     2449458          34        -298
     2449488         -97        -318
     2449519        -211        -328
     2449549        -248        -338
     2449580        -269        -336
     2449611        -278        -271
     2449641        -280          -9
     2449672        -243         109
     2449702         -64         167
     2449733          26         178
     2449764          25         115
     2449792          48          86
     2449823          58         110
     2449853         112         155
     2449884         120         151
     2449914         106         125
     2449945          99          72
     2449976         102          34
     2450006         102         -32
     2450037          97        -131
     2450067          98        -169
     2450098          86        -183
     2450129          87        -202
     2450158          83        -239
     2450189          89        -277
     2450219         -10        -307
     2450250        -140        -330
     2450280        -190        -325
     2450311        -199        -346
     2450342        -207        -355
     2450372        -223        -349
     2450403        -203        -284
     2450433        -199         -56
     2450464        -185          22
     2450495        -183         100
     2450523        -192         106
     2450554         -36         151
     2450584          35         151
     2450615         118         167
     2450645         137         141
     2450676         137         114
     2450707         122          97
     2450737          99          75
     2450768         122          15
     2450798          68         -49
     2450829          80         -50
     2450860         103         -57
     2450888          82        -127
     2450919         103        -253
     2450949         -60        -280
     2450980        -172        -297
     2451010        -214        -308
     2451041        -230        -321
     2451072        -237        -311
     2451102        -231        -292
     2451133        -238         -68
     2451163        -239          70
     2451194        -237          99
     2451225        -167         131
     2451253           3          98
     2451284          50         140
     2451314          52         126
     2451345         101         137
     2451375          85         111
     2451406         100         110
     2451437         100         101
     2451467         125          91
     2451498         110          47
     2451528         122          61
     2451559         123          74
     2451590         124          95
     2451619         134         113
     2451650         127          61
     2451680         140         -71
     2451711         143        -227
     2451741         127        -282
     2451772         124        -294
     2451803         112        -288
     2451833          70        -275
     2451864          52        -253
     2451894          40        -259
     2451925          59        -284
     2451956          51        -272
     2451984          56        -269
     2452015          52        -309
     2452045          -5        -318
     2452076         -80        -331
     2452106        -158        -349
     2452137        -184        -354
     2452168        -202        -307
     2452198        -199        -136
     2452229        -205          21
     2452259        -205         140
     2452290        -185         118
     2452321        -100         148
     2452349          43         158
     2452380          99         129
     2452410         115         133
     2452441          92          92
     2452471          85         103
     2452502          87          83
     2452533          80          65
     2452563          92          41
     2452594          68         -42
     2452624          67         -41
     2452655          58         -14
     2452686          63          -2
     2452714          47         -73
     2452745          59        -194
     2452775          47        -269
     2452806          14        -288
     2452836         -29        -313
     2452867         -85        -318
     2452898        -102        -313
     2452928        -133        -312
     2452959        -164        -321
     2452989        -180        -165
     2453020        -204         -16
     2453051        -192          78
     2453080        -177         112
     2453111          11         126
     2453141          89         120
     2453172         112          95
     2453202         108          90
     2453233          74          98
     2453264          70          88
     2453294          92          73
     2453325          56          48
     2453355          67          14
     2453386          55         -18
     2453417          98          18
     2453445         146          -9
     2453476          85        -178
     2453506          82        -266
     2453537         -12        -286
     2453567         -71        -309
     2453598        -120        -316
     2453629        -144        -318
     2453659        -173        -320
     2453690        -173        -333
     2453720        -198        -324
     2453751        -152        -288
     2453782        -138         -93
     2453810        -154          83
     2453841        -201          85
     2453871         -71         106
     2453902          79         123
     2453932         107         126
     2453963          86          71
     2453994         109         109
     2454024          92          93
     2454055         104          89
     2454085         124          73
     2454116          96          54
     2454147         111          53
     2454175         103          14
     2454206         128        -147
     2454236          92        -253
     2454267         -39        -297
     2454297        -100        -313
     2454328        -151        -316
     2454359        -162        -321
     2454389        -175        -316
     2454420        -204        -320
     2454450        -200        -265
     2454481        -190        -126
     2454512        -187          38
     2454541        -208         112
     2454572        -199         124
     2454602         -10         124
     2454633          53         157
     2454663         116         135
     2454694          79         118
     2454725          65         105
     2454755          83          93
     2454786          72          75
     2454816          90         111
     2454847         118         119
     2454878         149         155
     2454906          98         118
     2454937         134         103
     2454967         145          32
     2454998         100        -134
     2455028          98        -227
     2455059          82        -218
     2455090         112        -220
     2455120         105        -199
     2455151          83        -252
     2455181         104        -259
     2455212          58        -265
     2455243          51        -272
     2455271          -8        -269
     2455302        -159        -271
     2455332        -234        -263
     2455363        -235        -285
     2455393        -278         -59
     2455424        -178         117
     2455455          38         134
     2455485          77         116
     2455516          72         118
     2455546          76          83
     2455577          45          97
     2455608          52          97
     2455636          58         101
     2455667          53          92
     2455697          97          96
     2455728         127          70
     2455758          99           9
     2455789         126          25
     2455820         118         -32
     2455850         107         -75
     2455881         101        -189
     2455911          59        -239
     2455942          44        -238
     2455973          64        -213
     2456002          65        -217
     2456033          69        -257
     2456063          48        -306
     2456094         -11        -325
     2456124         -82        -326
     2456155         -93        -347
     2456186        -107        -331
     2456216        -121        -336
     2456247        -128        -335
     2456277        -172        -161
     2456308        -135         -47
     2456339        -143          18
     2456367        -183          89
     2456398        -208         102
     2456428        -113         109
     2456459          47         157
     2456489          88         147
     2456520          93         122
     2456551          87         139
     2456581         110         119
     2456612          90         118
     2456642          94         117
     2456673         112         148
     2456704         114         126
     2456732          92         113
     2456763         147          88
     2456793         141        -131
     2456824         101        -258
     2456854          51        -307
     2456885          72        -295
     2456916          53        -317
     2456946          31        -323
     2456977         -20        -312
     2457007        -106        -287
     2457038        -110        -278
     2457069        -108        -295
     2457097        -141        -314
     2457128        -182        -311
     2457158        -217        -140
     2457189        -230          75
     2457219        -116         129
     2457250          46         135
     2457281         108         162
     2457311         102         132
     2457342          99         138
     2457372          55          89
     2457403          51         100
     2457434          48          95
     2457463          57          21
     2457494         -54         -14
     2457524        -183          53
     2457555        -234          70
     2457585        -162         105
     2457616         -34         157
     2457647          31         152
     2457677          77         142
     2457708          89         157
     2457738         113         176
     2457769         132         171
     2457800         145         177
     2457828         107         153
     2457859         118         136
     2457889         148          58
     2457920         134        -145
     2457950         111        -256
     2457981         108        -256
     2458012         100        -247
     2458042          92        -258
     2458073          80        -271
     2458103          62        -281
     2458134          64        -292
     2458165          86        -278
     2458193          73        -287
     2458224          23        -314
     2458254         -88        -315
     2458285        -178        -329
     2458315        -232        -330
     2458346        -229        -310
     2458377        -240        -109
     2458407        -252          44
     2458438        -260         118
     2458468        -189         146
     2458499        -115         144
     2458530          16         124
     2458558          79         165
     2458589          85         136
     2458619         108         148
     2458650          89         125
     2458680          87         114
     2458711          83         105
     2458742          38          95
     2458772          23          71
     2458803          28          73
     2458833          45          48
     2458864          22          37
     2458895         -17          21
     2458924         -53           0
     2458955        -158         -28
     2458985        -189         -17
     2459016        -226          57
     2459046        -169          88
     2459077         -21         104
     2459108          63         120
     2459138         123         135
     2459169         106         144
     2459199         108         104
     2459230          53          72
     2459261          82          65
     2459289          82          79
     2459320         128          64
     2459350         127         -37
     2459381         115        -167
     2459411          99        -238
     2459442          99        -233
     2459473          97        -268
     2459503         103        -283
     2459534          39        -279
     2459564          39        -279
