     2434393          40         220          10
     2434424          60         210         -60
     2434452          75         190        -100
     2434483          90         140        -160
     2434513         110         110        -210
     2434544         164          80        -220
     2434574         155          70        -240
     2434605         130          50        -260
     2434636         122          28        -260
     2434666         112          10        -255
     2434697         158         -15        -250
     2434727         190         -60        -245
     2434758          80        -110        -240
     2434789          30        -160        -235
     2434817          60        -200        -230
     2434848         -30        -220        -220
     2434878        -100        -235        -210
     2434909        -150        -230        -120
     2434939        -205        -245         -40
     2434970        -195        -250          60
     2435001        -220        -185         110
     2435031        -235        -100         130
     2435062        -210          60         155
     2435092        -195          75         160
     2435123        -105         105         155
     2435154         -25         108         160
     2435182           5         105         165
     2435213         100         145         170
     2435243         105         190         155
     2435274         145         185         140
     2435304          90         190         120
     2435335         105         211          75
     2435366         100         180           5
     2435396          95         163          70
     2435427         105          66        -130
     2435457          90          59        -220
     2435488          80         -22        -280
     2435519          68         -62        -283
     2435548          95        -112        -302
     2435579          85        -224        -280
     2435609          -8        -222        -260
     2435640         -75        -252        -280
     2435670        -145        -249        -235
     2435701        -165        -266        -120
     2435732        -155        -282          15
     2435762        -180        -276          50
     2435793        -200        -246         135
     2435823        -205         -84         115
     2435854        -215         -21          38
     2435885        -220         -13          60
     2435913        -205          92          85
     2435944        -148         120         175
     2435974         -77         137         130
     2436005          78         141          23
     2436035         109         147           2
     2436066         125         160          -2
     2436097         114         180          -5
     2436127         113         144         -20
     2436158         118         117         -70
     2436188         120         110        -190
     2436219          91          60        -210
     2436250          74          49        -220
     2436278          85          37        -202
     2436309         106         -63        -230
     2436339         123        -197        -247
     2436370          91        -204        -256
     2436400          36        -233        -235
     2436431           5        -257        -245
     2436462         -25        -277        -265
     2436492         -66        -304        -258
     2436523        -112        -337        -124
     2436553        -173        -330         -78
     2436584        -106        -267         -54
     2436615        -136        -258           2
     2436643        -142        -255          26
     2436674        -189        -217          92
     2436704        -219         -60         152
     2436735        -172         135         189
     2436765         -25         207         281
     2436796          61         193         197
     2436827          86         190         130
     2436857         101         127         112
     2436888         112          83          50
     2436918          78          40         -48
     2436949          50          -2         -74
     2436980          67         -18         -90
     2437009          70         -46        -110
     2437040          60        -124        -160
     2437070          69        -182        -180
     2437101          -8        -252        -220
     2437131         -75        -260        -247
     2437162        -108        -256        -190
     2437193        -133        -255         -18
     2437223        -152        -249          88
     2437254        -188        -208         146
     2437284        -203        -155         116
     2437315        -210         -13         110
     2437346        -224          29         110
     2437374        -220          38         150
     2437405        -118         114         177
     2437435          43         142         199
     2437466         127         181         174
     2437496         117         140         143
     2437527          67         126          69
     2437558          39          89          19
     2437588          83          98         -29
     2437619         124         125        -122
     2437649          99          69        -220
     2437680         114          55        -246
     2437711         121          69        -267
     2437739         124          49        -297
     2437770         129         -27        -294
     2437800         168        -161        -307
     2437831         142        -228        -322
     2437861          74        -252        -322
     2437892          71        -275        -312
     2437923          41        -280        -323
     2437953          10        -311        -289
     2437984         -18        -302        -236
     2438014         -36        -292         -91
     2438045         -80        -282        -165
     2438076         -78        -333        -267
     2438104        -118        -346        -206
     2438135        -178        -328         -71
     2438165        -206        -317          52
     2438196        -225        -215         137
     2438226        -228         -15         218
     2438257        -200          36         168
     2438288         -59          85         156
     2438318          46          65         115
     2438349          76          70          68
     2438379          99          70          28
     2438410          37          35         -60
     2438441          44          20        -118
     2438470          78          54        -111
     2438501          68          64        -153
     2438531         120          68        -236
     2438562         133          61        -269
     2438592         184          27        -275
     2438623         178          37        -296
     2438654         165          20        -330
     2438684         160          32        -327
     2438715         170          15        -337
     2438745          98          19        -348
     2438776         117           7        -336
     2438807         121         -12        -338
     2438835         127         -37        -338
     2438866         128        -157        -367
     2438896         132        -242        -353
     2438927          47        -268        -344
     2438957         -33        -287        -336
     2438988         -81        -291        -357
     2439019        -143        -321        -379
     2439049        -163        -319        -253
     2439080        -220        -344         -10
     2439110        -228        -329          18
     2439141        -223        -302          72
     2439172        -222        -207          70
     2439200        -225         -70         133
     2439231        -188          57         119
     2439261        -144         136         150
     2439292          13         160         165
     2439322          70         148         149
     2439353          46         153         116
     2439384          68         182         108
     2439414          92         160          34
     2439445          82         144           7
     2439475         113         148         -65
     2439506         101         148         -90
     2439537         102         145        -138
     2439565          98         105        -180
     2439596         132         101        -202
     2439626         181          53        -225
     2439657         167         -60        -260
     2439687         175        -165        -305
     2439718         161        -150        -320
     2439749         132        -166        -333
     2439779          91        -159        -340
     2439810         111        -197        -325
     2439840         107        -249        -316
     2439871         120        -196        -325
     2439902          94        -208        -328
     2439931          82        -253        -330
     2439962          70        -258        -363
     2439992          -3        -232        -261
     2440023         -91        -265        -138
     2440053         -98        -314          13
     2440084        -152        -308         152
     2440115        -134        -319         125
     2440145        -129        -313         171
     2440176        -144        -207         192
     2440206        -179        -138         209
     2440237        -167           4         167
     2440268        -143          61         116
     2440296        -162         104         158
     2440327         -85         151         159
     2440357          70         151         175
     2440388          86         140         160
     2440418         139         151         156
     2440449         157         138         131
     2440480         137         104          86
     2440510         122          88         -13
     2440541         120           3        -134
     2440571         147         -54        -184
     2440602         119         -96        -208
     2440633         100        -147        -224
     2440661          93        -166        -223
     2440692         121        -229        -229
     2440722          77        -258        -234
     2440753         -36        -294        -252
     2440783        -115        -290        -162
     2440814        -151        -306        -101
     2440845        -184        -327         -24
     2440875        -194        -329         115
     2440906        -204        -312         122
     2440936        -216        -189         188
     2440967        -183         -32         175
     2440998        -178          45         148
     2441026        -190         102         163
     2441057        -123         118         173
     2441087          34         132         169
     2441118          77         135         147
     2441148         124         200         160
     2441179         119         160         104
     2441210          99         122          62
     2441240         124         134          56
     2441271         133         125         -61
     2441301         139         112        -140
     2441332         134          95        -203
     2441363         116          74        -222
     2441392         142          83        -271
     2441423         145          40        -264
     2441453         118        -187        -276
     2441484          20        -231        -277
     2441514         -87        -246        -285
     2441545        -165        -250        -270
     2441576        -196        -273        -250
     2441606        -238        -269         -80
     2441637        -235        -284         110
     2441667        -215        -172         160
     2441698        -212          58         105
     2441729        -174         117          70
     2441757         -29         106          60
     2441788          46         104          65
     2441818         105         138          80
     2441849         122         132          40
     2441879         134         103         -20
     2441910         130          98         -95
     2441941         124          85        -160
     2441971         102          85        -205
     2442002         104          45        -230
     2442032          90          10        -250
     2442063         102         -14        -275
     2442094          88         -29        -303
     2442122         108         -31        -335
     2442153         120        -129        -345
     2442183          74        -225        -335
     2442214           0        -267        -320
     2442244         -51        -282        -315
     2442275         -97        -304        -305
     2442306        -111        -298        -240
     2442336        -125        -288         -90
     2442367        -125        -292          80
     2442397        -132        -300         140
     2442428        -134        -305         155
     2442459        -125        -240         150
     2442487        -136         -85         145
     2442518        -135          50         165
     2442548        -183          93         189
     2442579         -46         171         180
     2442609          21         170         160
     2442640          87         153         145
     2442671         108         152         138
     2442701         105         145         120
     2442732         114         150         109
     2442762         110         157          98
     2442793          99         129          60
     2442824         105         124          65
     2442853         104         123          30
     2442884         119          99        -100
     2442914         124          30        -230
     2442945         104        -146        -260
     2442975         113        -220        -285
     2443006         105        -248        -275
     2443037          86        -205        -265
     2443067          65        -257        -257
     2443098          51        -230        -257
     2443128          18        -257        -256
     2443159         -19        -270        -270
     2443190         -35        -268        -285
     2443218         -45        -275        -305
     2443249         -70        -285        -260
     2443279        -145        -280        -125
     2443310        -211        -266          25
     2443340        -205        -140         105
     2443371        -220         -91         120
     2443402        -230          44         135
     2443432        -244          88         160
     2443463        -174         120         180
     2443493         -20         170         207
     2443524          38         185         204
     2443555          79         149         155
     2443583          84         128         120
     2443614          85         114          80
     2443644         109         115         -85
     2443675         100         100        -209
     2443705         105          85        -235
     2443736         104          75        -304
     2443767          90          93        -314
     2443797         110          55        -325
     2443828         119          48        -272
     2443858         138          20        -290
     2443889         116          37        -324
     2443920         112          65        -335
     2443948          99         -75        -342
     2443979         100        -147        -330
     2444009          82        -236        -320
     2444040         -18        -256        -275
     2444070        -118        -264        -220
     2444101        -176        -284        -180
     2444132        -193        -274        -114
     2444162        -188        -280          30
     2444193        -218        -271          98
     2444223        -242        -155         102
     2444254        -232          27         126
     2444285        -218          34         106
     2444314        -190          94         116
     2444345        -206         117         147
     2444375        -104         124         175
     2444406          87         153         173
     2444436         110         159         100
     2444467         117         151          60
     2444498         104         131          25
     2444528         115         125          20
     2444559         119         107         -44
     2444589         130         111         -75
     2444620         111         101        -105
     2444651         100          91        -131
     2444679         102          79        -195
     2444710         125          60        -250
     2444740         134        -136        -255
     2444771         104        -241        -232
     2444801          92        -269        -230
     2444832          70        -278        -235
     2444863          53        -281        -238
     2444893          65        -295        -252
     2444924         -11        -289        -259
     2444954         -55        -302        -248
     2444985         -40        -302        -232
     2445016         -48        -310        -239
     2445044         -79        -316        -233
     2445075        -144        -310        -168
     2445105        -192        -291         -16
     2445136        -205        -283         100
     2445166        -240        -145         116
     2445197        -210          72         175
     2445228        -136         119         191
     2445258           2         137         165
     2445289          75         117         188
     2445319         131         164         167
     2445350         132         157         121
     2445381         136         151          90
     2445409         148         134          10
     2445440         137         128         -54
     2445470         124         108        -200
     2445501         118         -60        -278
     2445531         121        -152        -307
     2445562         109        -177        -320
     2445593         102        -199        -348
     2445623         102        -203        -341
     2445654          64        -252        -342
     2445684          52        -255        -356
     2445715          29        -275        -378
     2445746          48        -283        -355
     2445775          64        -283        -352
     2445806          46        -288        -353
     2445836         -75        -321        -349
     2445867        -192        -346        -179
     2445897        -238        -354         -49
     2445928        -258        -340          47
     2445959        -262        -335          96
     2445989        -242        -281         110
     2446020        -253         -22         158
     2446050        -239          65         222
     2446081        -209         110         196
     2446112        -142          87         136
     2446140          -4         141         175
     2446171          70         137         192
     2446201         110         139         195
     2446232          80         115         139
     2446262          94         100          98
     2446293          87          85          82
     2446324         114          93          71
     2446354         114         100         -15
     2446385         113         102        -128
     2446415         103         119        -242
     2446446         115         152        -276
     2446477         124         148        -237
     2446505         119         142        -293
     2446536         130         106        -322
     2446566         127         -42        -323
     2446597          94        -194        -330
     2446627          92        -232        -335
     2446658          90        -229        -355
     2446689          88        -234        -355
     2446719          91        -241        -344
     2446750          70        -254        -350
     2446780          48        -267        -364
     2446811          39        -260        -374
     2446842          32        -266        -356
     2446870          19        -271        -331
     2446901         -74        -270        -350
     2446931        -192        -268         -45
     2446962        -231        -247          60
     2446992        -267         -63         108
     2447023        -224          92         145
     2447054         -62         138         145
     2447084          68         117         139
     2447115          83          77         147
     2447145          66          57         106
     2447176          91          54         101
     2447207          77          46           5
     2447236          74          78        -158
     2447267          68          70        -215
     2447297          92          50        -281
     2447328          98         -23        -274
     2447358         105        -102        -309
     2447389         103         -63        -372
     2447420         104         -50        -373
     2447450         100         -81        -371
     2447481         106        -101        -334
     2447511         120         -99        -335
     2447542         117         -84        -353
     2447573         102         -40        -339
     2447601         117         -38        -359
     2447632         100        -150        -353
     2447662          92        -250        -347
     2447693          -3        -281        -367
     2447723         -36        -306        -346
     2447754         -58        -300         -91
     2447785        -119        -310         -76
     2447815        -152        -307          12
     2447846        -166        -306          73
     2447876        -184        -282         218
     2447907        -214         -42         173
     2447938        -210         -32         192
     2447966        -221         109         212
     2447997        -142         124         181
     2448027          22         124         120
     2448058         118         152         130
     2448088          86         131          82
     2448119          78         135         108
     2448150          95         130         129
     2448180          70         109         103
     2448211         104         110          14
     2448241          79         134        -107
     2448272          60         114        -159
     2448303         106         127        -157
     2448331          50         105        -193
     2448362          70          92        -240
     2448392          90         -67        -260
     2448423          35        -209        -300
     2448453         -21        -250        -310
     2448484         -30        -231        -293
     2448515         -16        -215        -278
     2448545          -8        -222        -288
     2448576         -12        -242        -235
     2448606         -20        -253         -40
     2448637         -21        -253         -33
     2448668         -10        -254         -15
     2448697          -9        -260           3
     2448728         -48        -262          78
     2448758        -159        -275         110
     2448789        -214        -268         115
     2448819        -243         -79          90
     2448850        -259           8         171
     2448881        -253          75         176
     2448911        -239         112         162
     2448942         -90         141         194
     2448972          44         176         184
     2449003          74         155         171
     2449034          86         164         214
     2449062          78         170         201
     2449093          91         112         124
     2449123         118         108        -158
     2449154         100          48        -291
     2449184          86         -10        -316
     2449215          83          -8        -316
     2449246         103         -44        -326
     2449276          89        -111        -340
     2449307         103        -205        -344
     2449337          83        -240        -327
     2449368          84        -251        -315
     2449399          66        -265        -313
     2449427          74        -291        -334
     2449458          34        -298        -352
     2449488         -97        -318        -364
     2449519        -211        -328        -262
     2449549        -248        -338         -38
     2449580        -269        -336          72
     2449611        -278        -271         144
     2449641        -280          -9         143
     2449672        -243         109         178
     2449702         -64         167         199
     2449733          26         178         183
     2449764          25         115          79
     2449792          48          86          63
     2449823          58         110         107
     2449853         112         155          36
     2449884         120         151        -127
     2449914         106         125        -195
     2449945          99          72        -211
     2449976         102          34        -209
     2450006         102         -32        -216
     2450037          97        -131        -195
     2450067          98        -169        -208
     2450098          86        -183        -267
     2450129          87        -202        -279
     2450158          83        -239        -286
     2450189          89        -277        -331
     2450219         -10        -307        -369
     2450250        -140        -330        -360
     2450280        -190        -325        -318
     2450311        -199        -346        -193
     2450342        -207        -355          23
     2450372        -223        -349         102
     2450403        -203        -284         199
     2450433        -199         -56         208
     2450464        -185          22         176
     2450495        -183         100         170
     2450523        -192         106         186
     2450554         -36         151         194
     2450584          35         151         169
     2450615         118         167         164
     2450645         137         141          92
     2450676         137         114          73
     2450707         122          97          78
     2450737          99          75         -20
     2450768         122          15        -101
     2450798          68         -49        -132
     2450829          80         -50        -192
     2450860         103         -57        -250
     2450888          82        -127        -270
     2450919         103        -253        -306
     2450949         -60        -280        -334
     2450980        -172        -297        -342
     2451010        -214        -308        -195
     2451041        -230        -321          30
     2451072        -237        -311         106
     2451102        -231        -292         125
     2451133        -238         -68         204
     2451163        -239          70         214
     2451194        -237          99         137
     2451225        -167         131         219
     2451253           3          98         116
     2451284          50         140         162
     2451314          52         126         100
     2451345         101         137          52
     2451375          85         111          -5
     2451406         100         110          -3
     2451437         100         101         -23
     2451467         125          91        -144
     2451498         110          47        -204
     2451528         122          61        -237
     2451559         123          74        -270
     2451590         124          95        -301
     2451619         134         113        -337
     2451650         127          61        -348
     2451680         140         -71        -361
     2451711         143        -227        -384
     2451741         127        -282        -374
     2451772         124        -294        -386
     2451803         112        -288        -387
     2451833          70        -275        -369
     2451864          52        -253        -381
     2451894          40        -259        -358
     2451925          59        -284        -327
     2451956          51        -272        -361
     2451984          56        -269        -358
     2452015          52        -309        -282
     2452045          -5        -318         -46
     2452076         -80        -331          21
     2452106        -158        -349          89
     2452137        -184        -354          77
     2452168        -202        -307          97
     2452198        -199        -136         132
     2452229        -205          21         162
     2452259        -205         140         224
     2452290        -185         118         210
     2452321        -100         148         199
     2452349          43         158         229
     2452380          99         129         147
     2452410         115         133         103
     2452441          92          92           2
     2452471          85         103         -12
     2452502          87          83         -21
     2452533          80          65           7
     2452563          92          41         -93
     2452594          68         -42        -175
     2452624          67         -41        -151
     2452655          58         -14        -203
     2452686          63          -2        -288
     2452714          47         -73        -335
     2452745          59        -194        -339
     2452775          47        -269        -332
     2452806          14        -288        -315
     2452836         -29        -313         -75
     2452867         -85        -318          53
     2452898        -102        -313          87
     2452928        -133        -312          92
     2452959        -164        -321         158
     2452989        -180        -165         242
     2453020        -204         -16         225
     2453051        -192          78         143
     2453080        -177         112         170
     2453111          11         126         147
     2453141          89         120         132
     2453172         112          95         107
     2453202         108          90          94
     2453233          74          98          31
     2453264          70          88         -60
     2453294          92          73        -137
     2453325          56          48        -202
     2453355          67          14        -246
     2453386          55         -18        -283
     2453417          98          18        -308
     2453445         146          -9        -340
     2453476          85        -178        -341
     2453506          82        -266        -343
     2453537         -12        -286        -356
     2453567         -71        -309        -353
     2453598        -120        -316        -362
     2453629        -144        -318        -334
     2453659        -173        -320         -76
     2453690        -173        -333         106
     2453720        -198        -324         195
     2453751        -152        -288         165
     2453782        -138         -93         152
     2453810        -154          83         166
     2453841        -201          85          94
     2453871         -71         106         132
     2453902          79         123         132
     2453932         107         126         114
     2453963          86          71          62
     2453994         109         109          73
     2454024          92          93          -7
     2454055         104          89        -139
     2454085         124          73        -206
     2454116          96          54        -266
     2454147         111          53        -296
     2454175         103          14        -317
     2454206         128        -147        -321
     2454236          92        -253        -320
     2454267         -39        -297        -330
     2454297        -100        -313        -329
     2454328        -151        -316        -245
     2454359        -162        -321         -70
     2454389        -175        -316          42
     2454420        -204        -320         115
     2454450        -200        -265         192
     2454481        -190        -126         171
     2454512        -187          38         170
     2454541        -208         112         181
     2454572        -199         124         145
     2454602         -10         124         102
     2454633          53         157         123
     2454663         116         135          92
     2454694          79         118          41
     2454725          65         105          34
     2454755          83          93        -105
     2454786          72          75        -189
     2454816          90         111        -245
     2454847         118         119        -251
     2454878         149         155        -248
     2454906          98         118        -260
     2454937         134         103        -300
     2454967         145          32        -330
     2454998         100        -134        -345
     2455028          98        -227        -371
     2455059          82        -218        -366
     2455090         112        -220        -369
     2455120         105        -199        -391
     2455151          83        -252        -373
     2455181         104        -259        -375
     2455212          58        -265        -362
     2455243          51        -272        -347
     2455271          -8        -269        -332
     2455302        -159        -271        -342
     2455332        -234        -263        -236
     2455363        -235        -285          59
     2455393        -278         -59         140
     2455424        -178         117         150
     2455455          38         134         153
     2455485          77         116         140
     2455516          72         118         147
     2455546          76          83          39
     2455577          45          97         -44
     2455608          52          97         -13
     2455636          58         101         -69
     2455667          53          92        -208
     2455697          97          96        -286
     2455728         127          70        -325
     2455758          99           9        -336
     2455789         126          25        -370
     2455820         118         -32        -375
     2455850         107         -75        -358
     2455881         101        -189        -346
     2455911          59        -239        -320
     2455942          44        -238        -356
     2455973          64        -213        -348
     2456002          65        -217        -330
     2456033          69        -257        -333
     2456063          48        -306        -287
     2456094         -11        -325         -44
     2456124         -82        -326          27
     2456155         -93        -347          83
     2456186        -107        -331          88
     2456216        -121        -336         102
     2456247        -128        -335         133
     2456277        -172        -161         202
     2456308        -135         -47         173
     2456339        -143          18         169
     2456367        -183          89         194
     2456398        -208         102         158
     2456428        -113         109         132
     2456459          47         157         151
     2456489          88         147         121
     2456520          93         122         122
     2456551          87         139         148
     2456581         110         119         116
     2456612          90         118          77
     2456642          94         117         -51
     2456673         112         148         -75
     2456704         114         126        -111
     2456732          92         113        -167
     2456763         147          88        -271
     2456793         141        -131        -288
     2456824         101        -258        -293
     2456854          51        -307        -304
     2456885          72        -295        -318
     2456916          53        -317        -319
     2456946          31        -323        -321
     2456977         -20        -312        -329
     2457007        -106        -287        -158
     2457038        -110        -278         -92
     2457069        -108        -295          58
     2457097        -141        -314          82
     2457128        -182        -311          87
     2457158        -217        -140         110
     2457189        -230          75         125
     2457219        -116         129         159
     2457250          46         135         165
     2457281         108         162         207
     2457311         102         132         121
     2457342          99         138         114
     2457372          55          89          26
     2457403          51         100         -15
     2457434          48          95          49
     2457463          57          21          90
     2457494         -54         -14         113
     2457524        -183          53          88
     2457555        -234          70          57
     2457585        -162         105          61
     2457616         -34         157          89
     2457647          31         152          95
     2457677          77         142         101
     2457708          89         157         137
     2457738         113         176         146
     2457769         132         171         112
     2457800         145         177         123
     2457828         107         153          73
     2457859         118         136        -142
     2457889         148          58        -268
     2457920         134        -145        -300
     2457950         111        -256        -309
     2457981         108        -256        -338
     2458012         100        -247        -347
     2458042          92        -258        -354
     2458073          80        -271        -352
     2458103          62        -281        -379
     2458134          64        -292        -386
     2458165          86        -278        -352
     2458193          73        -287        -378
     2458224          23        -314        -373
     2458254         -88        -315        -301
     2458285        -178        -329           4
     2458315        -232        -330          68
     2458346        -229        -310         137
     2458377        -240        -109         149
     2458407        -252          44         154
     2458438        -260         118         202
     2458468        -189         146         220
     2458499        -115         144         159
     2458530          16         124          87
     2458558          79         165         137
     2458589          85         136         104
     2458619         108         148          32
     2458650          89         125        -161
     2458680          87         114        -159
     2458711          83         105        -170
     2458742          38          95        -103
     2458772          23          71        -203
     2458803          28          73        -251
     2458833          45          48        -265
     2458864          22          37        -301
     2458895         -17          21        -323
     2458924         -53           0        -328
     2458955        -158         -28        -289
     2458985        -189         -17        -166
     2459016        -226          57         -82
     2459046        -169          88         -93
     2459077         -21         104         -68
     2459108          63         120         -11
     2459138         123         135          16
     2459169         106         144         -81
     2459199         108         104        -169
     2459230          53          72        -155
     2459261          82          65        -170
     2459289          82          79        -219
     2459320         128          64        -278
     2459350         127         -37        -300
     2459381         115        -167        -318
     2459411          99        -238        -355
     2459442          99        -233        -316
     2459473          97        -268        -362
     2459503         103        -283        -327
     2459534          39        -279        -222
     2459564          39        -279        -222
